14 7
13 8
12 8
11 9
10 10
9 11
8 12
7 13
7 14
6 15
6 16
6 17
6 18
6 19
6 20
6 21
6 22
6 23
6 24
6 25
6 26
6 27
6 28
6 29
6 30
6 31
6 32
6 33
6 34
6 35
6 36
6 37
6 38
6 39
6 40
6 41
6 42
6 43
6 44
6 45
6 46
6 47
6 48
6 49
6 50
6 51
6 52
6 53
6 54
6 55
6 56
6 57
6 58
6 59
6 60
6 61
6 62
6 63
6 64
6 65
6 66
6 67
6 68
6 69
6 70
6 71
6 72
6 73
6 74
6 75
6 76
6 77
6 78
6 79
6 80
6 81
6 82
6 83
6 84
6 85
6 86
7 87
8 87
9 88
10 88
11 89
12 89
13 90
14 90
15 90
16 90
17 89
18 88
19 88
20 87
21 87
22 87
23 86
24 86
25 86
26 86
27 85
28 85
29 85
30 85
31 84
32 84
33 84
34 83
35 83
36 83
37 82
38 82
39 82
40 81
41 80
42 80
43 79
44 78
45 78
46 77
47 76
48 75
49 74
50 73
51 72
51 71
52 70
53 69
53 68
54 67
54 66
55 65
55 64
55 63
56 62
56 61
56 60
56 59
57 58
57 57
57 56
57 55
57 54
57 53
57 52
57 51
57 50
57 49
57 48
57 47
57 46
57 45
57 44
56 43
56 42
56 41
56 40
56 39
56 38
55 37
55 36
55 35
55 34
54 33
54 32
53 31
53 30
53 29
52 28
51 27
51 26
50 25
49 24
49 23
48 22
47 22
46 21
45 20
44 19
43 18
42 18
41 17
40 17
39 16
38 16
37 15
36 15
35 14
34 14
33 14
32 13
31 13
30 13
29 12
28 12
27 12
26 12
25 11
24 11
23 11
22 11
21 10
20 10
19 9
18 9
17 9
16 8
15 8
14 7
