25 6
24 7
23 7
22 7
21 7
20 7
19 8
18 8
17 9
16 10
15 10
14 11
13 12
12 12
11 13
10 14
9 15
8 16
7 16
6 17
5 18
5 19
5 20
5 21
5 22
5 23
5 24
5 25
5 26
5 27
5 28
5 29
5 30
5 31
5 32
5 33
5 34
5 35
5 36
5 37
5 38
5 39
5 40
5 41
5 42
5 43
5 44
5 45
5 46
5 47
5 48
5 49
5 50
5 51
5 52
5 53
5 54
5 55
5 56
5 57
5 58
5 59
5 60
5 61
5 62
5 63
5 64
5 65
5 66
5 67
5 68
5 69
5 70
5 71
5 72
5 73
5 74
5 75
5 76
5 77
5 78
5 79
5 80
5 81
5 82
6 83
7 84
8 84
9 85
10 86
11 87
12 88
13 88
14 89
15 90
16 90
17 91
18 92
19 92
20 93
21 93
22 93
23 93
24 93
25 94
26 94
27 94
28 94
29 94
30 94
31 94
32 94
33 94
34 94
35 93
36 93
37 93
38 93
39 93
40 92
41 92
42 92
43 91
44 91
45 91
46 90
47 90
48 89
49 89
50 88
51 88
52 87
53 86
54 85
55 85
56 84
57 83
58 82
59 81
60 80
61 79
61 78
62 77
63 76
63 75
64 74
65 73
65 72
66 71
66 70
67 69
67 68
68 67
68 66
68 65
68 64
69 63
69 62
69 61
69 60
70 59
70 58
70 57
70 56
70 55
70 54
70 53
70 52
70 51
70 50
70 49
70 48
70 47
70 46
70 45
70 44
70 43
70 42
70 41
69 40
69 39
69 38
69 37
68 36
68 35
68 34
68 33
67 32
67 31
66 30
66 29
65 28
65 27
64 26
63 25
63 24
62 23
61 22
61 21
60 20
59 19
58 18
57 17
56 16
55 15
54 15
53 14
52 13
51 12
50 12
49 11
48 11
47 10
46 10
45 9
44 9
43 9
42 8
41 8
40 8
39 7
38 7
37 7
36 7
35 7
34 6
33 6
32 6
31 6
30 6
29 6
28 6
27 6
26 6
25 6
