7 9
7 10
6 11
6 12
6 13
6 14
6 15
6 16
6 17
6 18
6 19
6 20
6 21
6 22
6 23
6 24
6 25
6 26
6 27
6 28
6 29
6 30
6 31
6 32
6 33
6 34
6 35
6 36
6 37
6 38
6 39
6 40
6 41
6 42
6 43
6 44
6 45
6 46
6 47
6 48
6 49
6 50
6 51
6 52
6 53
6 54
6 55
6 56
6 57
6 58
6 59
6 60
6 61
6 62
6 63
6 64
6 65
6 66
6 67
6 68
6 69
6 70
6 71
6 72
6 73
6 74
6 75
6 76
6 77
6 78
6 79
6 80
6 81
6 82
6 83
6 84
6 85
6 86
6 87
6 88
6 89
6 90
6 91
6 92
6 93
6 94
6 95
6 96
6 97
6 98
6 99
6 100
6 101
6 102
6 103
6 104
6 105
6 106
6 107
6 108
6 109
6 110
6 111
6 112
6 113
6 114
6 115
6 116
6 117
6 118
6 119
6 120
6 121
6 122
7 123
7 124
8 124
9 124
10 123
10 122
11 121
11 120
12 119
13 118
14 117
15 116
16 116
17 116
18 116
19 116
20 116
21 117
22 117
23 118
24 118
25 119
26 119
27 120
28 120
29 120
30 121
31 121
32 122
33 122
34 123
35 123
36 123
37 123
38 123
39 123
40 123
41 122
42 121
43 120
44 119
45 118
46 117
47 116
48 115
48 114
49 113
50 112
50 111
51 110
52 109
52 108
53 107
53 106
54 105
54 104
55 103
55 102
56 101
56 100
57 99
57 98
57 97
58 96
58 95
59 94
59 93
59 92
60 91
60 90
60 89
60 88
61 87
61 86
61 85
61 84
61 83
62 82
62 81
62 80
62 79
62 78
63 77
63 76
63 75
63 74
63 73
63 72
63 71
63 70
63 69
63 68
62 67
62 66
63 65
63 64
63 63
63 62
63 61
63 60
63 59
63 58
63 57
63 56
62 55
62 54
62 53
62 52
62 51
61 50
61 49
61 48
61 47
61 46
60 45
60 44
60 43
60 42
59 41
59 40
59 39
58 38
58 37
57 36
57 35
57 34
56 33
56 32
55 31
55 30
54 29
54 28
53 27
53 26
52 25
52 24
51 23
50 22
50 21
49 20
48 19
48 18
47 17
46 16
45 15
44 14
43 13
42 12
41 11
40 10
39 10
38 10
37 10
36 10
35 10
34 10
33 11
32 11
31 12
30 12
29 13
28 13
27 13
26 14
25 14
24 15
23 15
22 16
21 16
20 17
19 17
18 17
17 17
16 17
15 17
14 16
13 15
12 14
11 13
11 12
10 11
10 10
9 9
8 9
7 9
