21 4
20 5
19 5
18 5
17 6
16 6
15 6
14 7
13 7
12 8
11 8
10 8
9 9
8 10
7 11
7 12
7 13
7 14
7 15
7 16
7 17
7 18
7 19
7 20
7 21
7 22
7 23
7 24
7 25
7 26
7 27
7 28
7 29
7 30
7 31
7 32
7 33
8 34
8 35
8 36
8 37
8 38
8 39
7 40
8 41
7 42
8 43
8 44
8 45
8 46
7 47
7 48
7 49
7 50
7 51
7 52
7 53
7 54
7 55
7 56
7 57
7 58
8 59
8 60
7 61
7 62
7 63
7 64
7 65
7 66
8 67
7 68
7 69
8 70
7 71
7 72
8 73
8 74
9 74
10 74
11 75
12 75
13 76
14 76
15 77
16 77
17 77
18 78
19 78
20 78
21 79
22 79
23 79
24 79
25 79
26 79
27 79
28 79
29 80
30 80
31 79
32 79
33 79
34 79
35 78
36 78
37 77
38 77
39 76
40 76
41 75
42 74
43 74
44 73
45 72
46 71
47 70
48 69
49 68
50 67
50 66
51 65
51 64
52 63
53 62
53 61
54 60
54 59
54 58
55 57
55 56
55 55
56 54
56 53
56 52
56 51
57 50
57 49
57 48
57 47
57 46
57 45
57 44
57 43
57 42
57 41
57 40
57 39
57 38
57 37
57 36
57 35
56 34
56 33
56 32
56 31
55 30
55 29
55 28
54 27
54 26
54 25
53 24
53 23
52 22
52 21
51 20
50 19
50 18
49 17
49 16
48 15
47 14
46 13
45 12
44 11
43 10
42 9
41 9
40 8
39 7
38 7
37 6
36 6
35 5
34 5
33 5
32 4
31 4
30 4
29 4
28 4
27 4
26 4
25 4
24 4
23 4
22 4
21 4
