19 6
18 7
17 7
16 7
15 7
14 7
13 7
12 8
11 8
10 9
9 9
8 10
7 10
6 11
6 12
6 13
6 14
6 15
6 16
6 17
6 18
6 19
6 20
6 21
6 22
6 23
6 24
6 25
6 26
6 27
6 28
6 29
6 30
6 31
6 32
6 33
6 34
6 35
6 36
6 37
6 38
6 39
6 40
6 41
6 42
6 43
6 44
6 45
6 46
6 47
6 48
6 49
6 50
6 51
6 52
6 53
6 54
6 55
6 56
6 57
6 58
6 59
6 60
6 61
6 62
6 63
6 64
6 65
6 66
6 67
6 68
6 69
6 70
6 71
6 72
6 73
6 74
6 75
6 76
6 77
6 78
6 79
6 80
6 81
6 82
6 83
6 84
6 85
6 86
6 87
6 88
6 89
7 90
8 91
9 91
10 92
11 92
12 93
13 93
14 94
15 94
16 94
17 94
18 94
19 94
20 94
21 94
22 94
23 94
24 94
25 94
26 94
27 95
28 95
29 94
30 94
31 94
32 93
33 93
34 93
35 92
36 92
37 91
38 91
39 90
40 89
41 89
42 88
43 88
44 87
45 86
46 86
47 85
48 84
49 83
50 83
51 82
52 81
53 81
54 80
54 79
55 78
56 78
57 77
58 77
59 77
60 76
61 76
62 76
63 77
64 77
65 78
66 78
67 79
68 80
69 81
70 82
71 83
72 83
73 84
74 84
75 85
76 86
77 86
78 87
79 87
80 86
80 85
81 84
81 83
81 82
81 81
81 80
81 79
81 78
81 77
81 76
81 75
81 74
81 73
81 72
81 71
81 70
81 69
81 68
81 67
81 66
81 65
81 64
81 63
81 62
81 61
81 60
81 59
81 58
81 57
81 56
81 55
81 54
81 53
81 52
81 51
81 50
81 49
81 48
81 47
81 46
81 45
81 44
81 43
81 42
81 41
81 40
81 39
81 38
81 37
81 36
81 35
81 34
81 33
81 32
81 31
81 30
81 29
81 28
81 27
81 26
81 25
81 24
81 23
81 22
81 21
81 20
81 19
81 18
81 17
81 16
81 15
80 14
79 14
78 14
77 15
76 16
75 16
74 17
73 18
72 18
71 19
70 19
69 20
68 21
67 22
66 22
65 23
64 24
63 25
62 25
61 25
60 25
59 25
58 25
57 24
56 24
55 24
54 23
54 22
53 21
52 20
51 20
50 19
49 18
48 17
47 16
46 15
45 14
44 14
43 13
42 12
41 12
40 11
39 10
38 10
37 9
36 9
35 8
34 8
33 8
32 8
31 7
30 7
29 7
28 7
27 6
26 6
25 6
24 6
23 6
22 6
21 6
20 6
19 6
