30 5
29 6
28 6
27 6
26 6
25 6
24 7
23 7
22 8
21 8
20 8
19 9
18 10
17 10
16 11
15 12
14 12
13 13
12 14
11 14
10 15
9 15
8 16
7 16
6 15
5 15
4 15
3 15
3 16
3 17
3 18
3 19
3 20
3 21
3 22
3 23
3 24
3 25
3 26
3 27
3 28
3 29
3 30
3 31
3 32
3 33
3 34
3 35
3 36
3 37
3 38
3 39
3 40
3 41
3 42
3 43
3 44
3 45
4 46
5 45
6 45
7 45
8 44
9 44
10 45
11 45
12 45
13 46
14 47
15 47
16 48
17 49
18 50
19 51
20 51
21 52
22 52
23 53
24 53
25 54
26 54
27 54
28 54
29 55
30 55
31 55
32 55
33 55
34 55
35 55
36 55
37 55
38 54
39 54
40 54
41 54
42 53
43 53
44 52
45 52
46 51
47 50
48 49
49 48
50 47
51 46
52 45
52 44
53 43
53 42
54 41
54 40
54 39
54 38
55 37
55 36
55 35
55 34
55 33
55 32
55 31
55 30
55 29
55 28
55 27
55 26
54 25
54 24
54 23
54 22
53 21
53 20
53 19
52 18
52 17
51 16
51 15
50 14
49 13
49 12
48 11
47 10
46 9
45 8
44 8
43 7
42 7
41 6
40 6
39 6
38 6
37 5
36 5
35 5
34 5
33 5
32 5
31 5
30 5
