52 7
51 8
50 8
49 8
48 8
47 8
46 9
45 9
44 10
43 10
42 10
41 11
40 12
39 12
38 13
37 14
36 14
35 15
34 16
33 16
32 17
31 18
30 19
29 20
28 21
27 22
27 23
26 24
25 25
24 26
24 27
23 28
22 29
22 30
21 31
20 32
20 33
19 34
18 35
17 36
16 37
15 37
14 37
13 36
12 37
12 38
12 39
12 40
12 41
12 42
12 43
12 44
12 45
12 46
12 47
12 48
12 49
12 50
12 51
12 52
12 53
12 54
12 55
12 56
12 57
12 58
12 59
12 60
12 61
12 62
12 63
12 64
12 65
12 66
12 67
12 68
12 69
12 70
12 71
12 72
12 73
12 74
12 75
12 76
12 77
12 78
12 79
12 80
12 81
12 82
12 83
12 84
12 85
12 86
12 87
12 88
12 89
12 90
12 91
12 92
12 93
12 94
12 95
13 95
14 94
15 94
16 94
17 95
18 96
19 97
19 98
20 99
21 100
21 101
22 102
23 103
23 104
24 105
25 106
25 107
26 108
27 109
28 110
29 111
30 112
31 113
32 114
33 115
34 116
35 117
36 117
37 118
38 119
39 119
40 120
41 121
42 121
43 121
44 122
45 122
46 123
47 123
48 123
49 124
50 124
51 124
52 124
53 124
54 124
55 124
56 124
57 124
58 124
59 124
60 124
61 124
62 124
63 124
64 123
65 123
66 123
67 123
68 122
69 122
70 121
71 121
72 120
73 120
74 119
75 119
76 118
77 118
78 117
79 116
80 116
81 115
82 114
83 113
84 112
85 111
86 110
87 110
87 109
88 108
89 107
90 106
91 105
92 104
92 103
93 102
93 101
94 100
94 99
95 98
95 97
96 96
96 95
96 94
97 93
97 92
97 91
98 90
98 89
98 88
98 87
99 86
99 85
99 84
99 83
99 82
99 81
100 80
100 79
100 78
100 77
100 76
100 75
100 74
100 73
100 72
100 71
100 70
100 69
100 68
100 67
100 66
100 65
100 64
100 63
100 62
100 61
100 60
100 59
100 58
100 57
100 56
100 55
100 54
100 53
100 52
99 51
99 50
99 49
99 48
99 47
98 46
98 45
98 44
98 43
98 42
97 41
97 40
97 39
96 38
96 37
96 36
95 35
95 34
94 33
94 32
93 31
93 30
92 29
92 28
91 27
90 26
89 25
88 24
88 23
87 22
86 21
85 20
84 19
83 18
82 18
81 17
80 16
79 15
78 15
77 14
76 13
75 13
74 12
73 12
72 11
71 11
70 10
69 10
68 9
67 9
66 9
65 8
64 8
63 8
62 8
61 7
60 7
59 7
58 7
57 7
56 8
55 7
54 7
53 7
52 7
