34 10
33 11
32 11
31 11
30 12
29 12
28 12
27 13
26 13
25 14
24 14
23 15
22 16
21 17
20 18
19 18
19 19
18 20
17 21
16 22
16 23
15 24
14 25
14 26
13 27
12 27
11 27
10 27
9 27
9 28
9 29
9 30
9 31
9 32
9 33
9 34
9 35
9 36
9 37
9 38
9 39
9 40
9 41
9 42
9 43
9 44
9 45
9 46
9 47
9 48
9 49
9 50
9 51
9 52
9 53
9 54
9 55
10 56
11 56
12 56
13 56
14 57
15 58
15 59
16 60
16 61
17 62
18 63
19 64
20 65
21 66
22 67
23 68
24 69
25 69
26 70
27 70
28 71
29 71
30 71
31 72
32 72
33 72
34 72
35 73
36 73
37 73
38 73
39 73
40 73
41 73
42 73
43 73
44 73
45 73
46 72
47 72
48 71
49 71
50 71
51 70
52 70
53 69
54 68
55 68
56 67
57 66
58 66
58 65
59 64
60 63
61 62
62 61
62 60
63 59
64 58
64 57
65 56
65 55
65 54
66 53
66 52
66 51
66 50
67 49
67 48
67 47
67 46
67 45
67 44
68 43
68 42
68 41
68 40
68 39
68 38
68 37
67 36
67 35
67 34
67 33
67 32
66 31
66 30
66 29
65 28
65 27
65 26
64 25
64 24
63 23
63 22
62 21
61 20
60 19
59 18
58 17
57 16
56 15
55 14
54 14
53 13
52 13
51 12
50 12
49 11
48 11
47 11
46 10
45 10
44 10
43 10
42 10
41 10
40 10
39 10
38 10
37 10
36 10
35 10
34 10
