8 9
7 10
7 11
7 12
6 13
6 14
6 15
6 16
6 17
6 18
6 19
6 20
6 21
6 22
6 23
6 24
6 25
6 26
6 27
6 28
6 29
6 30
6 31
6 32
6 33
6 34
6 35
6 36
6 37
6 38
6 39
6 40
6 41
6 42
6 43
6 44
6 45
6 46
6 47
6 48
6 49
6 50
6 51
6 52
6 53
6 54
6 55
6 56
6 57
6 58
6 59
6 60
6 61
6 62
6 63
6 64
6 65
6 66
6 67
6 68
6 69
6 70
6 71
6 72
6 73
6 74
6 75
6 76
6 77
6 78
6 79
6 80
6 81
6 82
6 83
6 84
6 85
6 86
6 87
6 88
6 89
6 90
6 91
6 92
6 93
6 94
6 95
6 96
6 97
6 98
6 99
7 100
7 101
8 101
9 101
10 101
10 100
11 99
12 98
13 98
14 98
15 97
16 97
17 97
18 97
19 97
20 97
21 97
22 97
23 97
24 97
25 97
26 97
27 97
28 97
29 97
30 97
31 97
32 97
33 97
34 97
35 97
36 97
37 97
38 97
39 97
40 97
41 97
42 98
43 98
44 98
45 98
46 98
47 98
48 98
49 98
50 98
51 98
52 98
53 98
54 98
55 98
56 98
57 98
58 98
59 98
60 98
61 98
62 98
63 98
64 98
65 98
66 98
67 98
68 98
69 97
70 97
71 97
72 97
73 97
74 96
75 96
76 96
77 95
78 95
79 95
80 94
81 94
82 93
83 93
84 92
85 91
86 91
87 90
88 89
89 89
90 88
91 87
92 86
93 85
94 84
94 83
95 82
96 81
96 80
97 79
97 78
98 77
99 76
100 75
101 75
102 75
103 74
103 73
103 72
103 71
103 70
103 69
103 68
103 67
103 66
103 65
103 64
103 63
103 62
103 61
103 60
103 59
103 58
103 57
103 56
103 55
103 54
103 53
103 52
103 51
103 50
103 49
103 48
103 47
103 46
103 45
103 44
103 43
103 42
103 41
103 40
103 39
103 38
103 37
102 37
101 37
100 37
99 36
98 35
97 34
97 33
96 32
96 31
95 30
94 29
93 28
92 27
91 26
90 25
89 24
88 23
87 22
86 21
85 21
84 20
83 19
82 19
81 18
80 18
79 17
78 17
77 16
76 16
75 15
74 15
73 14
72 14
71 14
70 14
69 13
68 13
67 13
66 13
65 12
64 12
63 12
62 12
61 12
60 12
59 12
58 12
57 12
56 12
55 12
54 12
53 12
52 12
51 12
50 12
49 12
48 12
47 12
46 12
45 12
44 12
43 12
42 12
41 12
40 12
39 12
38 12
37 13
36 13
35 13
34 13
33 13
32 13
31 13
30 13
29 13
28 13
27 13
26 13
25 13
24 13
23 13
22 13
21 13
20 13
19 13
18 13
17 13
16 13
15 13
14 13
13 13
12 12
11 12
10 11
10 10
9 9
8 9
