57 12
56 13
55 13
54 13
53 13
52 14
51 14
50 14
49 14
48 15
47 15
46 15
45 16
44 16
43 16
42 17
41 17
40 18
39 18
38 18
37 19
36 19
35 20
34 21
33 21
32 22
31 23
30 24
29 24
28 25
27 26
26 27
25 28
24 29
23 30
22 31
21 32
20 33
19 33
18 33
17 34
16 34
15 35
14 35
13 34
12 34
11 33
10 32
9 31
8 32
7 33
7 34
7 35
7 36
7 37
7 38
7 39
7 40
7 41
7 42
7 43
7 44
7 45
7 46
7 47
7 48
7 49
7 50
7 51
7 52
7 53
7 54
7 55
7 56
7 57
7 58
7 59
7 60
7 61
7 62
7 63
7 64
7 65
7 66
7 67
7 68
7 69
7 70
7 71
7 72
7 73
7 74
7 75
7 76
7 77
7 78
7 79
7 80
7 81
7 82
7 83
7 84
7 85
7 86
7 87
7 88
7 89
7 90
7 91
7 92
7 93
7 94
7 95
7 96
7 97
7 98
7 99
8 100
9 100
10 99
11 98
12 97
13 97
14 96
15 97
16 97
17 97
18 97
19 98
20 98
21 99
22 100
23 101
24 102
25 103
26 104
27 105
28 106
29 107
30 108
31 109
32 109
33 110
34 111
35 111
36 112
37 113
38 113
39 114
40 114
41 115
42 115
43 116
44 116
45 116
46 117
47 117
48 117
49 118
50 118
51 118
52 118
53 119
54 119
55 119
56 119
57 119
58 120
59 120
60 120
61 120
62 120
63 120
64 120
65 120
66 120
67 120
68 120
69 120
70 120
71 120
72 120
73 120
74 119
75 119
76 119
77 119
78 119
79 119
80 118
81 118
82 118
83 117
84 117
85 117
86 116
87 116
88 116
89 115
90 115
91 114
92 114
93 113
94 113
95 112
96 111
97 111
98 110
99 110
100 109
101 108
102 108
103 107
104 106
105 105
106 104
107 103
108 102
109 102
110 101
111 100
112 99
113 98
113 97
114 96
115 95
116 94
116 93
117 92
118 91
119 90
119 89
120 88
121 87
121 86
122 85
122 84
123 83
123 82
123 81
124 80
124 79
124 78
125 77
125 76
125 75
125 74
125 73
125 72
125 71
125 70
125 69
125 68
125 67
126 66
125 65
126 64
125 63
125 62
125 61
125 60
125 59
125 58
125 57
124 56
124 55
124 54
124 53
123 52
123 51
123 50
122 49
122 48
121 47
121 46
120 45
120 44
119 43
118 42
118 41
117 40
116 39
115 38
115 37
114 36
113 35
112 34
111 33
110 32
109 31
108 30
108 29
107 29
106 28
105 27
104 26
103 25
102 24
101 23
100 23
99 22
98 21
97 21
96 20
95 20
94 19
93 18
92 18
91 18
90 17
89 17
88 16
87 16
86 16
85 15
84 15
83 14
82 14
81 14
80 14
79 13
78 13
77 13
76 13
75 13
74 12
73 12
72 12
71 12
70 12
69 12
68 12
67 12
66 12
65 12
64 12
63 12
62 12
61 12
60 12
59 12
58 12
57 12
