27 8
28 9
27 10
26 11
25 12
24 12
23 13
22 14
21 15
20 14
21 15
20 16
19 17
18 17
17 17
16 18
15 18
14 18
13 18
12 18
11 18
10 17
9 16
8 15
7 15
6 15
5 15
4 16
4 17
4 18
4 19
4 20
4 21
4 22
4 23
4 24
4 25
4 26
4 27
4 28
4 29
4 30
4 31
4 32
4 33
4 34
4 35
4 36
4 37
4 38
4 39
4 40
4 41
4 42
4 43
4 44
4 45
4 46
4 47
4 48
4 49
4 50
4 51
4 52
4 53
4 54
4 55
4 56
4 57
4 58
4 59
4 60
4 61
4 62
4 63
4 64
4 65
4 66
4 67
4 68
4 69
4 70
4 71
4 72
4 73
4 74
4 75
4 76
4 77
4 78
4 79
4 80
4 81
4 82
4 83
4 84
4 85
4 86
4 87
3 88
3 89
3 90
3 91
3 92
3 93
3 94
3 95
3 96
3 97
3 98
3 99
3 100
3 101
3 102
3 103
3 104
3 105
3 106
3 107
3 108
3 109
3 110
3 111
3 112
3 113
3 114
3 115
3 116
3 117
3 118
3 119
3 120
3 121
3 122
3 123
3 124
4 125
4 126
4 127
4 128
4 129
4 130
4 131
4 132
4 133
4 134
4 135
4 136
3 137
3 138
3 139
4 140
4 141
4 142
4 143
4 144
4 145
4 146
4 147
4 148
4 149
4 150
4 151
4 152
4 153
4 154
4 155
4 156
4 157
4 158
4 159
3 160
3 161
3 162
4 163
3 164
3 165
4 166
4 167
4 168
4 169
4 170
4 171
4 172
4 173
4 174
4 175
4 176
4 177
4 178
4 179
4 180
4 181
4 182
4 183
4 184
4 185
4 186
4 187
4 188
4 189
4 190
4 191
4 192
4 193
4 194
4 195
4 196
4 197
4 198
4 199
4 200
4 201
4 202
4 203
4 204
4 205
4 206
4 207
4 208
4 209
4 210
4 211
4 212
4 213
4 214
4 215
4 216
5 217
6 217
7 217
8 216
9 215
10 214
11 214
12 214
13 214
14 213
15 214
16 214
17 214
18 213
19 214
20 214
21 215
22 216
22 215
21 214
20 214
19 214
18 213
17 213
16 213
15 213
14 213
13 214
12 214
11 214
10 214
9 215
8 216
7 217
6 217
5 216
4 215
4 214
4 213
4 212
4 211
4 210
4 209
4 208
4 207
4 206
4 205
4 204
4 203
4 202
4 201
4 200
4 199
4 198
4 197
4 196
4 195
4 194
4 193
4 192
4 191
4 190
4 189
4 188
4 187
4 186
4 185
4 184
4 183
4 182
4 181
4 180
4 179
4 178
4 177
4 176
4 175
4 174
4 173
4 172
4 171
4 170
4 169
4 168
4 167
4 166
4 165
4 164
4 163
4 162
4 161
4 160
4 159
4 158
4 157
4 156
4 155
4 154
4 153
4 152
4 151
4 150
4 149
4 148
4 147
4 146
4 145
4 144
4 143
4 142
4 141
4 140
4 139
4 138
4 137
4 136
4 135
4 134
4 133
4 132
4 131
4 130
4 129
4 128
4 127
4 126
4 125
4 124
4 123
4 122
4 121
4 120
4 119
4 118
4 117
4 116
4 115
4 114
4 113
4 112
4 111
4 110
4 109
4 108
4 107
4 106
4 105
4 104
4 103
4 102
4 101
4 100
4 99
4 98
4 97
4 96
4 95
4 94
4 93
4 92
4 91
4 90
4 89
4 88
4 87
4 86
4 85
4 84
4 83
4 82
4 81
4 80
4 79
4 78
4 77
4 76
4 75
4 74
4 73
4 72
4 71
4 70
4 69
4 68
4 67
4 66
4 65
4 64
4 63
4 62
4 61
4 60
4 59
4 58
4 57
4 56
4 55
4 54
4 53
4 52
4 51
4 50
4 49
4 48
4 47
4 46
4 45
4 44
4 43
4 42
4 41
4 40
4 39
4 38
4 37
4 36
4 35
4 34
4 33
4 32
4 31
4 30
4 29
4 28
4 27
4 26
4 25
4 24
4 23
4 22
4 21
5 20
4 19
4 18
4 17
5 16
6 15
7 15
8 16
9 17
10 18
11 18
12 19
13 19
14 19
15 18
16 18
17 18
18 17
19 17
20 17
21 16
22 15
23 14
24 13
25 12
26 11
27 11
28 10
29 10
30 10
31 10
32 10
33 10
34 11
35 11
36 12
37 13
38 13
39 14
40 15
40 16
41 17
42 17
43 17
44 18
45 18
46 18
47 18
48 19
49 19
50 20
51 20
52 20
53 21
54 21
55 22
56 23
57 23
58 23
59 24
60 25
61 26
62 27
63 27
64 28
65 28
66 29
67 30
68 31
69 32
70 33
71 34
72 35
73 36
74 37
75 38
76 39
77 40
78 41
78 42
79 43
80 44
81 45
81 46
82 47
83 48
84 49
84 50
85 51
86 52
86 53
87 54
88 55
88 56
88 57
89 58
90 59
90 60
91 61
91 62
91 63
92 64
92 65
93 66
93 67
93 68
94 69
94 70
94 71
95 72
95 73
95 74
96 75
96 76
96 77
96 78
97 79
97 80
97 81
97 82
98 83
98 84
98 85
98 86
99 87
99 88
99 89
99 90
99 91
100 92
100 93
100 94
100 95
100 96
100 97
100 98
101 99
101 100
101 101
101 102
101 103
101 104
101 105
101 106
101 107
101 108
102 109
102 110
102 111
102 112
102 113
102 114
102 115
102 116
102 117
102 118
102 119
102 120
102 121
102 122
102 123
102 124
102 125
101 126
101 127
101 128
101 129
101 130
101 131
101 132
101 133
101 134
101 135
100 136
100 137
100 138
100 139
100 140
100 141
99 142
99 143
99 144
99 145
99 146
99 147
98 148
98 149
98 150
98 151
97 152
97 153
97 154
97 155
96 156
96 157
96 158
95 159
95 160
95 161
94 162
94 163
94 164
93 165
93 166
93 167
92 168
92 169
92 170
91 171
91 172
90 173
90 174
89 175
88 176
87 177
87 178
86 179
85 180
85 181
84 182
83 183
83 184
82 185
81 186
80 187
79 188
79 189
78 190
77 191
76 192
75 193
75 194
74 195
73 196
72 197
71 198
70 198
70 199
69 200
68 201
67 202
66 203
65 203
64 204
63 205
62 206
61 206
60 207
59 208
58 208
57 209
56 209
55 210
54 211
53 211
52 211
51 212
50 213
49 213
48 214
47 214
46 214
45 215
44 215
43 215
42 215
41 216
40 217
39 217
39 218
38 219
37 219
36 220
35 221
34 222
33 222
32 223
31 223
30 223
29 222
28 222
27 222
26 221
25 220
24 219
23 218
22 218
23 218
24 219
25 220
26 221
27 222
28 222
29 223
30 224
31 223
32 223
33 222
34 222
35 221
36 220
37 220
38 219
39 218
40 217
41 216
42 215
43 215
44 215
45 215
46 215
47 214
48 214
49 214
50 213
51 212
52 212
53 211
54 211
55 210
56 210
57 209
58 208
59 208
60 207
61 207
62 206
63 205
64 205
65 204
66 203
67 202
68 201
69 200
70 199
71 198
72 197
73 196
74 195
75 194
75 193
76 192
77 192
77 191
78 190
79 189
80 188
81 187
81 186
82 185
83 184
84 183
84 182
85 181
86 180
86 179
87 178
88 177
89 176
89 175
90 174
90 173
91 172
91 171
92 170
92 169
92 168
93 167
93 166
94 165
94 164
94 163
95 162
95 161
95 160
95 159
96 158
97 158
97 157
96 156
97 155
98 154
97 153
97 152
98 151
99 151
99 150
99 149
98 148
99 147
100 146
100 145
99 144
99 143
100 142
100 141
100 140
100 139
101 138
101 137
101 136
101 135
101 134
101 133
101 132
101 131
101 130
102 129
102 128
101 127
101 126
102 125
102 124
102 123
102 122
102 121
102 120
102 119
102 118
102 117
102 116
102 115
102 114
102 113
103 112
103 111
102 110
102 109
102 108
102 107
102 106
101 105
102 104
102 103
102 102
101 101
102 100
102 99
101 99
100 98
100 97
100 96
101 95
101 94
101 93
100 92
99 91
100 90
100 89
99 88
100 87
100 86
99 85
98 84
98 83
99 82
99 81
99 82
98 83
97 82
97 81
97 80
98 79
98 78
98 77
98 78
97 79
96 78
96 77
96 76
97 75
97 74
96 73
95 72
95 71
95 70
95 69
94 68
93 67
93 66
93 65
92 64
91 63
91 62
91 61
90 60
90 59
89 58
89 57
88 56
88 55
87 54
87 53
86 52
85 51
85 50
84 49
83 48
82 47
82 46
81 45
80 44
79 43
79 42
78 41
77 40
76 39
76 38
75 37
74 36
73 35
72 34
71 33
70 32
69 31
68 30
67 29
66 29
65 28
64 27
63 27
62 26
61 25
60 24
59 24
58 23
57 23
56 22
55 21
54 21
53 20
52 20
51 20
50 19
49 19
48 18
47 18
46 18
45 18
44 17
43 17
42 17
41 16
40 15
39 14
38 13
37 12
36 11
35 11
34 10
33 10
32 9
31 9
30 9
29 10
28 9
28 8
27 8
