18 6
17 7
16 7
15 7
14 7
13 8
12 8
11 9
10 9
9 10
8 10
7 11
6 12
6 13
5 14
5 15
5 16
5 17
5 18
5 19
5 20
5 21
5 22
5 23
5 24
5 25
5 26
5 27
5 28
5 29
5 30
5 31
5 32
5 33
5 34
5 35
5 36
5 37
5 38
5 39
5 40
5 41
5 42
5 43
5 44
5 45
5 46
5 47
5 48
5 49
5 50
5 51
5 52
5 53
5 54
5 55
5 56
5 57
5 58
5 59
5 60
5 61
5 62
5 63
5 64
5 65
5 66
5 67
5 68
5 69
5 70
5 71
5 72
5 73
5 74
5 75
5 76
5 77
5 78
5 79
5 80
5 81
5 82
5 83
5 84
5 85
5 86
5 87
5 88
5 89
5 90
5 91
5 92
5 93
6 94
7 95
8 95
9 96
10 96
11 97
12 97
13 98
14 98
15 99
16 99
17 99
18 99
19 99
20 99
21 100
22 100
23 100
24 100
25 100
26 100
27 100
28 100
29 99
30 99
31 99
32 99
33 98
34 98
35 98
36 97
37 97
38 96
39 96
40 95
41 94
42 94
43 93
44 92
45 91
46 91
47 90
48 89
49 88
50 87
51 86
51 85
52 84
52 83
53 82
54 81
54 80
55 79
55 78
56 77
57 76
57 75
58 74
58 73
58 72
59 71
59 70
59 69
59 68
60 67
60 66
60 65
60 64
60 63
61 62
61 61
61 60
61 59
61 58
61 57
61 56
61 55
62 54
62 53
62 52
62 51
61 50
61 49
61 48
61 47
61 46
61 45
61 44
60 43
60 42
60 41
60 40
60 39
59 38
59 37
59 36
59 35
58 34
58 33
58 32
58 31
57 30
57 29
56 28
56 27
55 26
55 25
54 24
53 23
53 22
52 21
51 20
50 19
49 18
49 17
48 16
47 15
46 14
45 13
44 12
43 12
42 11
41 10
40 10
39 9
38 9
37 8
36 8
35 7
34 7
33 7
32 6
31 7
30 6
29 6
28 6
27 6
26 6
25 6
24 6
23 6
22 6
21 6
20 6
19 6
18 6
