68 5
67 6
66 6
65 6
64 6
63 6
62 6
61 6
60 6
59 6
58 6
57 6
56 6
55 6
54 7
53 7
52 7
51 7
50 8
49 8
48 8
47 8
46 9
45 9
44 10
43 10
42 11
41 11
40 12
39 13
38 14
37 15
36 16
35 17
34 18
34 19
33 20
33 21
32 22
31 22
30 22
29 22
28 23
27 23
26 24
25 24
24 25
23 25
22 26
21 26
20 27
19 27
18 27
17 27
16 27
15 26
14 26
13 25
12 24
11 24
10 24
9 25
9 26
9 27
9 28
9 29
9 30
9 31
9 32
9 33
9 34
9 35
9 36
9 37
9 38
9 39
9 40
9 41
9 42
9 43
9 44
9 45
9 46
9 47
9 48
9 49
9 50
9 51
9 52
9 53
9 54
9 55
9 56
9 57
9 58
9 59
9 60
9 61
9 62
9 63
9 64
9 65
9 66
9 67
9 68
9 69
9 70
9 71
9 72
9 73
9 74
9 75
9 76
9 77
9 78
9 79
9 80
9 81
10 82
11 82
12 82
13 81
14 80
15 80
16 79
17 79
18 79
19 79
20 80
21 80
22 80
23 81
24 81
25 82
26 82
27 83
28 83
29 84
30 84
31 85
32 85
33 86
34 87
34 88
35 89
35 90
36 91
37 92
38 93
39 94
40 94
41 95
42 96
43 96
44 97
45 97
46 98
47 98
48 98
49 99
50 99
51 99
52 100
53 100
54 100
55 100
56 100
57 101
58 101
59 101
60 101
61 101
62 101
63 101
64 101
65 101
66 101
67 101
68 101
69 102
70 101
71 101
72 101
73 101
74 101
75 101
76 101
77 101
78 101
79 100
80 100
81 100
82 100
83 99
84 99
85 99
86 99
87 98
88 98
89 97
90 97
91 96
92 96
93 96
94 95
95 95
96 94
97 93
98 93
99 92
100 92
101 91
102 90
103 90
104 89
105 88
106 87
107 86
108 85
109 84
109 83
110 82
111 81
112 80
112 79
113 78
114 77
114 76
115 75
115 74
116 73
116 72
117 71
117 70
117 69
118 68
118 67
119 66
119 65
119 64
119 63
120 62
120 61
120 60
120 59
120 58
120 57
120 56
120 55
120 54
120 53
120 52
120 51
120 50
120 49
120 48
119 47
119 46
119 45
119 44
119 43
118 42
118 41
118 40
117 39
117 38
116 37
116 36
116 35
115 34
115 33
114 32
114 31
113 30
112 29
112 28
111 27
110 26
110 25
109 24
108 23
107 22
106 21
105 20
104 19
103 18
102 17
101 16
100 16
99 15
98 14
97 14
96 13
95 13
94 12
93 12
92 11
91 11
90 10
89 10
88 10
87 9
86 9
85 9
84 8
83 8
82 8
81 7
80 7
79 7
78 7
77 6
76 6
75 6
74 6
73 6
72 6
71 6
70 6
69 5
68 5
