65 5
64 6
63 6
62 6
61 6
60 6
59 6
58 7
57 7
56 7
55 7
54 8
53 8
52 8
51 8
50 9
49 9
48 10
47 10
46 10
45 11
44 11
43 12
42 12
41 13
40 13
39 14
38 15
37 15
36 16
35 17
34 17
33 18
32 19
31 20
30 20
29 21
28 22
27 23
26 23
25 23
24 23
23 23
22 23
21 23
20 23
19 23
18 23
17 23
16 24
15 24
14 24
13 24
12 25
11 25
10 25
9 26
9 27
9 28
9 29
9 30
9 31
9 32
9 33
9 34
9 35
9 36
9 37
9 38
9 39
9 40
9 41
9 42
9 43
9 44
9 45
9 46
9 47
9 48
9 49
9 50
9 51
9 52
9 53
9 54
9 55
9 56
9 57
9 58
9 59
9 60
9 61
9 62
9 63
9 64
9 65
9 66
9 67
9 68
9 69
9 70
9 71
8 72
9 73
9 74
9 75
9 76
9 77
9 78
9 79
9 80
9 81
9 82
9 83
9 84
9 85
9 86
9 87
9 88
9 89
9 90
9 91
9 92
9 93
9 94
9 95
9 96
9 97
9 98
9 99
9 100
9 101
9 102
9 103
9 104
9 105
9 106
8 107
8 108
8 109
8 110
8 111
8 112
8 113
9 114
9 115
10 116
11 116
12 116
13 117
14 117
15 117
16 117
17 118
18 118
19 118
20 118
21 118
22 118
23 118
24 118
25 118
26 118
27 118
28 119
29 119
30 120
31 121
32 122
33 123
34 123
35 124
36 125
37 126
38 126
39 127
40 128
41 128
42 129
43 129
44 130
45 130
46 130
47 131
48 131
49 132
50 132
51 133
52 133
53 133
54 134
55 134
56 134
57 135
58 135
59 135
60 135
61 135
62 135
63 136
64 136
65 136
66 136
67 136
68 136
69 136
70 136
71 136
72 136
73 136
74 136
75 136
76 136
77 136
78 136
79 136
80 136
81 136
82 136
83 136
84 136
85 136
86 136
87 136
88 136
89 135
90 135
91 135
92 135
93 135
94 134
95 134
96 134
97 133
98 133
99 133
100 132
101 132
102 131
103 131
104 131
105 130
106 129
107 129
108 128
109 128
110 127
111 126
112 126
113 125
114 124
115 123
116 122
117 121
118 120
119 119
120 118
120 117
121 116
122 115
123 114
124 113
125 112
125 111
126 110
127 109
127 108
128 107
128 106
129 105
129 104
130 103
131 102
131 101
132 100
132 99
133 98
133 97
133 96
134 95
134 94
134 93
135 92
135 91
136 90
136 89
136 88
137 87
137 86
137 85
137 84
138 83
138 82
138 81
138 80
138 79
138 78
139 77
139 76
139 75
139 74
139 73
139 72
139 71
139 70
139 69
139 68
139 67
138 66
138 65
138 64
138 63
138 62
138 61
138 60
137 59
137 58
137 57
137 56
137 55
136 54
136 53
136 52
135 51
135 50
135 49
134 48
134 47
134 46
133 45
133 44
132 43
132 42
131 41
131 40
130 39
130 38
129 37
129 36
128 35
128 34
127 33
126 32
126 31
125 30
124 29
123 28
123 27
122 26
121 25
120 24
119 23
118 22
118 21
117 20
116 19
115 18
114 18
113 17
112 16
111 15
110 14
109 14
108 13
107 12
106 12
105 11
104 11
103 10
102 10
101 9
100 9
99 8
98 8
97 8
96 7
95 7
94 7
93 7
92 6
91 6
90 6
89 6
88 6
87 6
86 5
85 5
84 5
83 5
82 5
81 5
80 5
79 5
78 5
77 5
76 5
75 5
74 5
73 5
72 5
71 5
70 5
69 5
68 5
67 5
66 5
65 5
