60 5
59 6
58 6
57 6
56 6
55 6
54 6
53 7
52 7
51 7
50 7
49 8
48 8
47 8
46 9
45 9
44 9
43 10
42 11
41 11
40 12
39 13
38 13
37 14
36 15
36 16
35 17
34 18
34 19
33 20
32 21
31 22
30 22
29 22
28 23
27 23
26 24
25 24
24 25
23 25
22 26
21 26
20 26
19 27
18 27
17 27
16 27
15 26
14 25
13 24
12 24
11 24
10 24
9 25
9 26
9 27
9 28
9 29
9 30
9 31
9 32
9 33
9 34
9 35
9 36
9 37
9 38
9 39
9 40
9 41
9 42
9 43
9 44
9 45
9 46
9 47
9 48
9 49
9 50
9 51
9 52
9 53
9 54
9 55
9 56
9 57
9 58
9 59
9 60
9 61
9 62
9 63
9 64
9 65
9 66
9 67
9 68
9 69
9 70
9 71
9 72
9 73
9 74
9 75
9 76
9 77
9 78
9 79
9 80
9 81
9 82
10 82
11 83
12 82
13 82
14 81
15 80
16 80
17 79
18 80
19 80
20 80
21 80
22 81
23 81
24 81
25 82
26 83
27 83
28 84
29 84
30 85
31 85
32 85
33 86
33 87
34 88
34 89
35 90
36 91
37 92
38 93
39 94
40 95
41 95
42 96
43 96
44 97
45 98
46 98
47 98
48 99
49 99
50 99
51 100
52 100
53 100
54 100
55 101
56 101
57 101
58 101
59 101
60 101
61 101
62 101
63 102
64 102
65 102
66 102
67 102
68 102
69 102
70 102
71 102
72 102
73 102
74 101
75 101
76 101
77 101
78 101
79 101
80 100
81 100
82 100
83 100
84 99
85 99
86 99
87 98
88 98
89 98
90 97
91 97
92 96
93 96
94 95
95 95
96 94
97 94
98 93
99 92
100 92
101 91
102 91
103 90
104 89
105 88
106 87
107 86
108 85
109 84
110 83
110 82
111 81
112 80
113 79
113 78
114 77
114 76
115 75
115 74
116 73
116 72
117 71
117 70
118 69
118 68
118 67
119 66
119 65
119 64
120 63
120 62
120 61
120 60
120 59
120 58
120 57
120 56
120 55
120 54
120 53
120 52
120 51
120 50
120 49
120 48
120 47
120 46
119 45
119 44
119 43
118 42
118 41
118 40
117 39
117 38
117 37
116 36
116 35
115 34
115 33
114 32
114 31
113 30
113 29
112 28
111 27
111 26
110 25
109 24
108 23
108 22
107 21
106 20
105 19
104 18
103 18
102 17
101 16
100 15
99 15
98 14
97 14
96 13
95 12
94 12
93 11
92 11
91 11
90 10
89 10
88 9
87 9
86 9
85 8
84 8
83 8
82 7
81 7
80 7
79 7
78 6
77 6
76 6
75 6
74 6
73 5
72 5
71 5
70 5
69 5
68 5
67 5
66 5
65 5
64 5
63 5
62 5
61 5
60 5
