20 8
19 9
18 10
17 11
16 12
15 13
14 14
13 15
12 16
11 17
10 18
10 19
10 20
10 21
10 22
10 23
10 24
10 25
10 26
10 27
10 28
10 29
10 30
10 31
10 32
10 33
10 34
10 35
10 36
10 37
10 38
10 39
10 40
10 41
10 42
10 43
10 44
10 45
10 46
10 47
10 48
10 49
10 50
10 51
10 52
10 53
10 54
10 55
10 56
10 57
10 58
10 59
10 60
10 61
10 62
10 63
10 64
10 65
10 66
10 67
10 68
10 69
10 70
10 71
10 72
10 73
10 74
10 75
10 76
10 77
10 78
10 79
10 80
10 81
10 82
10 83
10 84
10 85
10 86
10 87
10 88
10 89
10 90
10 91
10 92
10 93
10 94
10 95
10 96
10 97
10 98
10 99
10 100
10 101
10 102
10 103
10 104
10 105
10 106
10 107
10 108
10 109
10 110
10 111
10 112
10 113
10 114
11 115
12 116
13 117
14 118
15 119
16 120
17 121
18 122
19 123
20 124
21 123
22 122
22 121
23 120
24 119
25 118
25 117
26 116
27 115
28 114
29 113
30 112
30 111
31 110
32 109
33 108
34 107
34 106
35 105
36 104
36 103
37 102
38 101
38 100
39 99
39 98
40 97
40 96
41 95
41 94
42 93
42 92
43 91
43 90
44 89
44 88
44 87
45 86
45 85
45 84
46 83
46 82
47 81
48 80
49 79
50 78
50 77
50 76
50 75
50 74
50 73
50 72
50 71
50 70
50 69
50 68
50 67
50 66
50 65
50 64
50 63
50 62
50 61
50 60
50 59
50 58
50 57
50 56
50 55
50 54
49 53
48 52
47 51
46 50
46 49
45 48
45 47
45 46
44 45
44 44
44 43
43 42
43 41
42 40
42 39
41 38
41 37
40 36
40 35
39 34
39 33
38 32
38 31
37 30
36 29
36 28
35 27
34 26
34 25
33 24
32 23
31 22
30 21
30 20
29 19
28 18
27 17
26 16
25 15
25 14
24 13
23 12
22 11
22 10
21 9
21 8
20 8
