21 6
20 7
19 7
18 7
17 8
16 8
15 8
14 9
13 10
12 11
11 12
10 13
9 14
8 15
7 15
7 16
6 17
5 18
5 19
4 20
4 21
4 22
4 23
4 24
4 25
4 26
4 27
4 28
4 29
4 30
4 31
4 32
4 33
4 34
4 35
4 36
4 37
4 38
4 39
4 40
4 41
4 42
4 43
4 44
4 45
4 46
4 47
4 48
4 49
4 50
4 51
4 52
4 53
4 54
4 55
4 56
4 57
4 58
4 59
4 60
4 61
4 62
4 63
4 64
5 65
6 66
7 67
7 68
8 68
9 69
10 70
11 70
12 71
13 72
14 73
15 73
16 74
17 74
18 74
19 75
20 75
21 75
22 76
23 76
24 76
25 76
26 76
27 76
28 76
29 76
30 76
31 76
32 76
33 75
34 75
35 75
36 75
37 74
38 74
39 74
40 73
41 72
42 72
43 71
44 70
45 69
46 69
47 68
48 67
49 66
49 65
50 64
51 63
52 62
52 61
53 60
53 59
54 58
54 57
55 56
55 55
55 54
56 53
56 52
56 51
56 50
57 49
57 48
57 47
57 46
57 45
57 44
57 43
57 42
57 41
57 40
57 39
57 38
57 37
57 36
57 35
57 34
57 33
56 32
56 31
56 30
56 29
55 28
55 27
55 26
54 25
54 24
53 23
53 22
52 21
52 20
51 19
51 18
50 17
49 16
48 15
47 14
46 13
45 12
44 12
43 11
42 10
41 10
40 9
39 9
38 8
37 8
36 7
35 7
34 6
33 6
32 6
31 6
30 6
29 6
28 6
27 6
26 6
25 6
24 6
23 6
22 6
21 6
