7 6
6 7
6 8
6 9
6 10
6 11
6 12
6 13
6 14
6 15
6 16
6 17
6 18
6 19
6 20
6 21
6 22
6 23
6 24
6 25
6 26
6 27
6 28
6 29
6 30
6 31
6 32
6 33
6 34
6 35
6 36
6 37
6 38
6 39
6 40
6 41
6 42
6 43
6 44
6 45
6 46
6 47
7 48
7 49
7 50
7 51
7 52
7 53
7 54
7 55
6 56
6 57
6 58
6 59
6 60
6 61
6 62
6 63
6 64
6 65
6 66
6 67
6 68
6 69
6 70
6 71
6 72
6 73
6 74
6 75
6 76
6 77
6 78
6 79
6 80
6 81
6 82
6 83
6 84
6 85
6 86
6 87
6 88
7 89
8 90
9 89
10 89
11 88
12 88
13 88
14 88
15 87
16 88
17 88
18 88
19 88
20 88
21 88
22 88
23 89
24 89
25 89
26 89
27 89
28 89
29 89
30 90
31 90
32 90
33 90
34 90
35 89
36 89
37 89
38 89
39 89
40 89
41 88
42 88
43 88
44 87
45 87
46 87
47 86
48 86
49 85
50 85
51 84
52 83
53 83
54 82
55 81
56 81
57 80
58 79
59 78
60 77
61 76
62 75
63 74
64 73
65 72
66 72
67 73
68 74
69 75
69 76
70 77
71 78
72 79
72 80
73 81
74 82
75 83
76 83
77 83
78 82
78 81
78 80
78 79
78 78
78 77
78 76
78 75
78 74
78 73
78 72
78 71
78 70
79 69
79 68
79 67
79 66
79 65
79 64
79 63
79 62
79 61
79 60
79 59
79 58
79 57
79 56
79 55
79 54
79 53
79 52
79 51
79 50
79 49
79 48
79 47
79 46
79 45
79 44
79 43
79 42
79 41
79 40
79 39
79 38
79 37
79 36
79 35
79 34
79 33
79 32
79 31
79 30
79 29
79 28
79 27
79 26
79 25
79 24
79 23
79 22
79 21
79 20
79 19
79 18
79 17
79 16
79 15
78 14
78 13
77 12
76 12
75 12
74 13
74 14
73 15
72 16
71 17
70 18
69 19
68 20
67 21
66 22
65 22
64 22
63 21
63 20
62 19
61 18
60 17
59 16
58 15
57 15
56 14
55 13
54 13
53 12
52 12
51 11
50 10
49 10
48 9
47 9
46 9
45 8
44 8
43 8
42 7
41 7
40 7
39 7
38 6
37 6
36 6
35 6
34 6
33 6
32 6
31 6
30 6
29 6
28 6
27 6
26 6
25 7
24 7
23 7
22 7
21 8
20 8
19 8
18 8
17 8
16 8
15 8
14 8
13 8
12 8
11 7
10 7
9 6
8 6
7 6
