92 6
91 7
90 7
89 7
88 7
87 7
86 7
85 7
84 7
83 7
82 8
81 8
80 8
79 8
78 8
77 8
76 9
75 9
74 9
73 9
72 9
71 10
70 10
69 10
68 10
67 11
66 11
65 11
64 11
63 11
62 12
61 12
60 12
59 12
58 12
57 13
56 13
55 13
54 13
53 13
52 14
51 14
50 14
49 14
48 14
47 15
46 15
45 15
44 15
43 15
42 15
41 15
40 15
39 15
38 15
37 15
36 15
35 15
34 15
33 15
32 15
31 15
30 15
29 15
28 15
27 15
26 15
25 15
24 15
23 15
22 15
21 15
20 14
19 14
18 14
17 14
16 14
15 14
14 14
13 14
12 14
11 14
10 14
9 14
8 14
7 14
6 14
5 14
4 15
4 16
4 17
4 18
4 19
4 20
4 21
4 22
4 23
4 24
4 25
4 26
4 27
4 28
4 29
4 30
4 31
4 32
4 33
4 34
4 35
4 36
4 37
4 38
4 39
4 40
4 41
4 42
4 43
4 44
4 45
4 46
4 47
4 48
4 49
4 50
4 51
4 52
4 53
4 54
4 55
4 56
4 57
4 58
4 59
4 60
4 61
4 62
4 63
4 64
4 65
4 66
4 67
4 68
4 69
4 70
4 71
4 72
4 73
4 74
4 75
4 76
4 77
3 78
4 79
4 80
4 81
3 82
4 83
3 84
3 85
3 86
4 87
4 88
4 89
4 90
4 91
3 92
3 93
4 94
3 95
4 96
4 97
4 98
4 99
4 100
4 101
4 102
3 103
3 104
4 105
4 106
4 107
4 108
4 109
4 110
5 110
6 110
7 111
8 111
9 111
10 110
11 110
12 110
13 110
14 110
15 110
16 110
17 110
18 110
19 110
20 110
21 110
22 110
23 110
24 110
25 109
26 109
27 109
28 109
29 109
30 109
31 109
32 109
33 109
34 109
35 109
36 109
37 109
38 109
39 109
40 109
41 110
42 110
43 110
44 110
45 110
46 110
47 110
48 110
49 110
50 111
51 111
52 111
53 111
54 111
55 111
56 112
57 112
58 112
59 112
60 112
61 113
62 113
63 113
64 113
65 114
66 114
67 114
68 114
69 114
70 115
71 115
72 115
73 115
74 116
75 116
76 116
77 116
78 116
79 116
80 117
81 117
82 117
83 117
84 117
85 117
86 117
87 118
88 118
89 118
90 118
91 118
92 118
93 118
94 118
95 118
96 118
97 118
98 118
99 118
100 118
101 118
102 118
103 118
104 118
105 118
106 118
107 118
108 118
109 118
110 118
111 118
112 118
113 117
114 117
115 117
116 117
117 117
118 116
119 116
120 116
121 116
122 116
123 115
124 115
125 115
126 114
127 114
128 114
129 113
130 113
131 113
132 112
133 112
134 112
135 111
136 111
137 110
138 110
139 109
140 109
141 109
142 108
143 108
144 107
145 106
146 106
147 105
148 104
149 104
150 103
151 102
152 101
153 101
154 100
155 99
156 98
157 97
158 96
158 95
159 94
160 93
161 92
162 91
162 90
163 89
164 88
164 87
165 86
165 85
166 84
166 83
167 82
167 81
168 80
168 79
169 78
169 77
170 76
170 75
170 74
170 73
170 72
170 71
171 70
171 69
171 68
171 67
171 66
171 65
171 64
171 63
171 62
171 61
171 60
171 59
171 58
171 57
171 56
171 55
171 54
170 53
170 52
170 51
170 50
170 49
169 48
169 47
168 46
168 45
167 44
167 43
166 42
166 41
165 40
164 39
164 38
163 37
163 36
162 35
161 34
161 33
160 32
159 31
159 30
158 29
157 28
156 27
155 26
154 25
153 24
152 23
151 23
150 22
149 21
148 21
147 20
146 19
145 19
144 18
143 18
142 17
141 16
140 16
139 15
138 15
137 14
136 14
135 14
134 13
133 13
132 12
131 12
130 12
129 11
128 11
127 11
126 10
125 10
124 10
123 10
122 9
121 9
120 9
119 9
118 8
117 8
116 8
115 8
114 7
113 7
112 7
111 7
110 7
109 7
108 7
107 6
106 6
105 6
104 6
103 6
102 6
101 6
100 6
99 6
98 6
97 6
96 6
95 6
94 6
93 6
92 6
