16 22
15 23
14 24
14 25
14 26
13 27
13 28
13 29
13 30
13 31
13 32
13 33
13 34
13 35
14 36
14 37
14 38
14 39
14 40
14 41
14 42
14 43
14 44
14 45
14 46
14 47
14 48
14 49
14 50
14 51
14 52
14 53
14 54
14 55
14 56
14 57
14 58
14 59
14 60
14 61
14 62
14 63
14 64
14 65
14 66
14 67
14 68
14 69
14 70
14 71
14 72
14 73
14 74
14 75
14 76
14 77
14 78
14 79
15 80
15 81
15 82
15 83
15 84
15 85
15 86
15 87
15 88
15 89
15 90
15 91
15 92
15 93
15 94
15 95
15 96
15 97
15 98
15 99
15 100
15 101
15 102
15 103
15 104
15 105
15 106
15 107
15 108
15 109
15 110
15 111
15 112
15 113
15 114
15 115
15 116
15 117
15 118
15 119
15 120
15 121
15 122
15 123
15 124
15 125
15 126
15 127
15 128
15 129
15 130
15 131
15 132
15 133
15 134
15 135
15 136
15 137
15 138
15 139
15 140
15 141
15 142
15 143
15 144
15 145
15 146
15 147
15 148
15 149
15 150
15 151
15 152
15 153
15 154
15 155
15 156
15 157
15 158
15 159
15 160
15 161
15 162
15 163
15 164
15 165
15 166
15 167
15 168
15 169
15 170
15 171
15 172
15 173
15 174
15 175
15 176
15 177
15 178
15 179
15 180
15 181
15 182
15 183
15 184
15 185
15 186
15 187
15 188
15 189
15 190
15 191
15 192
15 193
15 194
15 195
15 196
15 197
15 198
15 199
15 200
15 201
15 202
15 203
15 204
15 205
15 206
15 207
15 208
15 209
15 210
15 211
15 212
15 213
15 214
15 215
15 216
15 217
15 218
15 219
15 220
15 221
15 222
15 223
15 224
15 225
15 226
15 227
15 228
15 229
15 230
15 231
15 232
16 233
16 234
16 235
16 236
16 237
16 238
16 239
16 240
16 241
16 242
16 243
16 244
16 245
16 246
16 247
16 248
16 249
16 250
16 251
16 252
16 253
16 254
16 255
16 256
16 257
16 258
16 259
16 260
16 261
16 262
16 263
16 264
16 265
16 266
16 267
16 268
16 269
16 270
16 271
16 272
16 273
16 274
16 275
16 276
16 277
16 278
16 279
16 280
16 281
16 282
16 283
16 284
16 285
16 286
16 287
16 288
16 289
16 290
16 291
16 292
16 293
16 294
16 295
16 296
16 297
16 298
16 299
16 300
16 301
16 302
16 303
16 304
16 305
16 306
16 307
16 308
16 309
16 310
16 311
16 312
16 313
16 314
16 315
16 316
16 317
16 318
16 319
16 320
16 321
16 322
16 323
16 324
16 325
16 326
16 327
16 328
16 329
16 330
16 331
16 332
16 333
16 334
16 335
16 336
16 337
16 338
16 339
16 340
16 341
16 342
16 343
16 344
16 345
16 346
16 347
16 348
16 349
16 350
16 351
16 352
16 353
16 354
16 355
16 356
16 357
16 358
16 359
16 360
16 361
16 362
16 363
16 364
16 365
16 366
16 367
16 368
16 369
16 370
16 371
16 372
16 373
16 374
16 375
16 376
16 377
16 378
16 379
16 380
16 381
16 382
16 383
16 384
16 385
16 386
16 387
16 388
16 389
16 390
16 391
16 392
16 393
16 394
16 395
16 396
16 397
16 398
16 399
16 400
16 401
16 402
16 403
16 404
16 405
16 406
16 407
16 408
16 409
16 410
16 411
16 412
16 413
16 414
16 415
16 416
16 417
16 418
16 419
16 420
16 421
16 422
16 423
16 424
16 425
16 426
16 427
16 428
16 429
16 430
16 431
16 432
16 433
16 434
16 435
16 436
16 437
16 438
16 439
16 440
16 441
16 442
16 443
16 444
16 445
16 446
16 447
16 448
16 449
16 450
16 451
16 452
16 453
16 454
16 455
16 456
16 457
16 458
16 459
16 460
16 461
16 462
16 463
16 464
16 465
16 466
16 467
16 468
16 469
16 470
16 471
16 472
16 473
16 474
16 475
16 476
16 477
16 478
16 479
16 480
16 481
16 482
16 483
16 484
16 485
16 486
16 487
16 488
16 489
16 490
16 491
16 492
16 493
16 494
16 495
16 496
16 497
16 498
16 499
16 500
16 501
16 502
16 503
16 504
16 505
16 506
16 507
16 508
16 509
16 510
16 511
16 512
16 513
16 514
16 515
16 516
16 517
16 518
16 519
16 520
16 521
16 522
16 523
16 524
16 525
16 526
16 527
16 528
16 529
16 530
16 531
16 532
16 533
16 534
16 535
16 536
16 537
16 538
16 539
16 540
16 541
16 542
16 543
16 544
16 545
16 546
16 547
16 548
16 549
16 550
16 551
17 552
17 553
17 554
17 555
17 556
17 557
17 558
17 559
17 560
17 561
17 562
17 563
17 564
17 565
17 566
17 567
17 568
17 569
17 570
17 571
17 572
17 573
17 574
17 575
17 576
17 577
17 578
17 579
17 580
17 581
17 582
17 583
17 584
17 585
17 586
17 587
17 588
17 589
17 590
17 591
17 592
17 593
17 594
17 595
17 596
17 597
17 598
17 599
17 600
17 601
17 602
17 603
17 604
17 605
17 606
17 607
17 608
17 609
17 610
17 611
17 612
17 613
17 614
17 615
17 616
17 617
17 618
17 619
17 620
17 621
17 622
17 623
17 624
17 625
17 626
17 627
17 628
17 629
17 630
17 631
17 632
17 633
17 634
17 635
17 636
17 637
17 638
17 639
17 640
17 641
17 642
17 643
17 644
17 645
17 646
17 647
17 648
17 649
17 650
17 651
17 652
17 653
17 654
17 655
17 656
17 657
17 658
17 659
17 660
17 661
17 662
17 663
17 664
17 665
17 666
17 667
17 668
17 669
17 670
17 671
17 672
17 673
17 674
17 675
17 676
17 677
17 678
17 679
17 680
17 681
17 682
17 683
17 684
17 685
17 686
17 687
17 688
17 689
17 690
17 691
17 692
17 693
17 694
17 695
17 696
17 697
17 698
17 699
17 700
17 701
17 702
17 703
17 704
17 705
17 706
17 707
17 708
17 709
17 710
17 711
17 712
17 713
17 714
17 715
17 716
17 717
17 718
17 719
17 720
17 721
17 722
17 723
17 724
17 725
17 726
17 727
18 728
19 729
20 730
21 731
22 731
23 731
24 731
25 731
26 730
27 730
28 730
29 730
30 730
31 729
32 729
33 729
34 729
35 729
36 729
37 729
38 729
39 729
40 728
41 728
42 728
43 728
44 728
45 728
46 728
47 728
48 728
49 728
50 728
51 728
52 728
53 728
54 728
55 728
56 728
57 728
58 728
59 728
60 728
61 728
62 728
63 728
64 728
65 728
66 727
67 727
68 727
69 727
70 727
71 727
72 727
73 727
74 727
75 727
76 727
77 727
78 727
79 727
80 727
81 727
82 727
83 727
84 727
85 727
86 727
87 727
88 726
89 726
90 726
91 726
92 726
93 726
94 726
95 726
96 726
97 726
98 726
99 726
100 726
101 726
102 725
103 725
104 725
105 725
106 725
107 725
108 725
109 725
110 725
111 725
112 725
113 725
114 725
115 724
116 724
117 724
118 724
119 724
120 724
121 724
122 724
123 724
124 724
125 723
126 723
127 723
128 723
129 723
130 723
131 723
132 723
133 723
134 722
135 722
136 722
137 722
138 722
139 722
140 722
141 722
142 721
143 721
144 721
145 721
146 721
147 721
148 721
149 720
150 720
151 720
152 720
153 720
154 720
155 719
156 719
157 719
158 719
159 719
160 719
161 718
162 718
163 718
164 718
165 718
166 717
167 717
168 717
169 717
170 717
171 716
172 716
173 716
174 716
175 716
176 715
177 715
178 715
179 715
180 715
181 714
182 714
183 714
184 714
185 713
186 713
187 713
188 713
189 712
190 712
191 712
192 712
193 711
194 711
195 711
196 711
197 710
198 710
199 710
200 710
201 709
202 709
203 709
204 709
205 708
206 708
207 708
208 707
209 707
210 707
211 706
212 706
213 706
214 706
215 705
216 705
217 705
218 704
219 704
220 704
221 703
222 703
223 703
224 702
225 702
226 701
227 701
228 701
229 700
230 700
231 700
232 699
233 699
234 698
235 698
236 698
237 697
238 697
239 696
240 696
241 696
242 695
243 695
244 694
245 694
246 693
247 693
248 693
249 692
250 691
251 691
252 691
253 690
254 690
255 689
256 689
257 688
258 688
259 687
260 687
261 686
262 686
263 685
264 685
265 684
266 684
267 683
268 683
269 682
270 682
271 681
272 680
273 680
274 679
275 679
276 678
277 678
278 677
279 676
280 676
281 675
282 675
283 674
284 673
285 673
286 672
287 671
288 671
289 670
290 669
291 669
292 668
293 668
294 667
295 666
296 666
297 665
298 664
299 664
300 663
301 662
302 662
303 661
304 660
305 660
306 659
307 658
308 658
309 657
310 656
311 655
312 655
313 654
314 653
315 653
316 652
317 651
318 650
319 650
320 649
321 648
322 648
323 647
324 646
325 645
326 645
327 644
328 643
329 642
330 641
331 641
332 640
333 639
334 638
335 638
336 637
337 636
338 635
339 634
340 634
341 633
342 632
343 631
344 630
345 629
346 629
347 628
348 627
349 626
350 625
351 624
352 623
353 623
354 622
355 621
356 620
357 619
358 618
359 617
360 616
361 615
362 614
363 613
364 612
365 611
366 610
367 609
368 608
369 607
370 606
371 605
372 604
373 603
374 602
375 601
376 600
377 599
378 598
379 597
380 596
381 595
382 594
383 593
383 592
384 591
385 590
386 589
387 588
388 587
388 586
389 585
390 584
391 583
392 582
392 581
393 580
394 579
395 578
396 577
396 576
397 575
398 574
399 573
400 572
400 571
401 570
402 569
402 568
403 567
404 566
405 565
406 564
407 563
407 562
408 561
409 560
409 559
410 558
411 557
411 556
412 555
413 554
413 553
414 552
415 551
415 550
416 549
416 548
417 547
418 546
418 545
419 544
419 543
420 542
421 541
421 540
422 539
422 538
423 537
423 536
424 535
425 534
425 533
426 532
426 531
427 530
427 529
428 528
428 527
429 526
429 525
430 524
430 523
431 522
431 521
432 520
432 519
432 518
433 517
433 516
434 515
434 514
435 513
435 512
435 511
436 510
436 509
437 508
437 507
437 506
438 505
438 504
439 503
439 502
439 501
440 500
440 499
441 498
441 497
441 496
442 495
442 494
442 493
443 492
443 491
443 490
444 489
444 488
444 487
445 486
445 485
445 484
446 483
446 482
446 481
446 480
447 479
447 478
447 477
447 476
448 475
448 474
448 473
449 472
449 471
449 470
449 469
450 468
450 467
450 466
450 465
451 464
451 463
451 462
451 461
452 460
452 459
452 458
452 457
453 456
453 455
453 454
453 453
453 452
454 451
454 450
454 449
454 448
454 447
455 446
455 445
455 444
455 443
455 442
456 441
456 440
456 439
456 438
456 437
456 436
457 435
457 434
457 433
457 432
457 431
457 430
458 429
458 428
458 427
458 426
458 425
458 424
458 423
458 422
459 421
459 420
459 419
459 418
459 417
459 416
459 415
460 414
460 413
460 412
460 411
460 410
460 409
460 408
460 407
460 406
460 405
460 404
460 403
461 402
461 401
461 400
461 399
461 398
461 397
461 396
461 395
461 394
461 393
461 392
462 391
462 390
462 389
462 388
462 387
462 386
462 385
462 384
462 383
462 382
462 381
463 380
463 379
463 378
463 377
463 376
463 375
463 374
463 373
463 372
463 371
463 370
463 369
463 368
463 367
463 366
463 365
463 364
463 363
463 362
463 361
462 360
462 359
462 358
462 357
462 356
462 355
462 354
462 353
462 352
462 351
462 350
462 349
462 348
461 347
461 346
461 345
461 344
461 343
461 342
461 341
461 340
461 339
461 338
461 337
461 336
460 335
460 334
460 333
460 332
460 331
460 330
460 329
460 328
460 327
459 326
459 325
459 324
459 323
459 322
459 321
458 320
458 319
458 318
458 317
458 316
457 315
457 314
457 313
457 312
457 311
457 310
456 309
456 308
456 307
456 306
455 305
455 304
455 303
455 302
454 301
454 300
454 299
454 298
453 297
453 296
453 295
453 294
452 293
452 292
452 291
452 290
451 289
451 288
451 287
451 286
450 285
450 284
450 283
450 282
449 281
449 280
449 279
448 278
448 277
448 276
447 275
447 274
447 273
446 272
446 271
446 270
445 269
445 268
445 267
445 266
444 265
444 264
444 263
443 262
443 261
443 260
442 259
442 258
441 257
441 256
441 255
440 254
440 253
440 252
439 251
439 250
439 249
438 248
438 247
438 246
437 245
437 244
436 243
436 242
435 241
435 240
434 239
434 238
434 237
433 236
433 235
432 234
432 233
431 232
431 231
430 230
430 229
429 228
429 227
428 226
428 225
427 224
426 223
426 222
425 221
425 220
424 219
424 218
423 217
423 216
422 215
422 214
421 213
420 212
420 211
419 210
418 209
418 208
417 207
417 206
416 205
415 204
415 203
414 202
414 201
413 200
412 199
412 198
411 197
410 196
410 195
409 194
408 193
408 192
407 191
407 190
406 189
405 188
404 187
403 186
403 185
402 184
401 183
400 182
400 181
399 180
398 179
397 178
396 177
396 176
395 175
394 174
393 173
392 172
392 171
391 170
390 169
389 168
388 167
387 166
387 165
386 164
385 163
384 162
383 161
382 160
381 159
380 158
379 157
378 156
377 155
377 154
376 153
375 153
374 152
374 151
373 150
372 149
371 148
370 147
369 146
368 145
367 144
366 143
365 142
364 141
363 140
362 139
361 138
360 137
359 136
358 136
357 135
356 134
355 133
354 132
353 131
352 130
351 129
350 128
349 127
348 126
347 125
346 124
345 123
344 122
343 121
342 121
341 120
340 119
339 118
338 117
337 116
336 115
335 115
334 114
333 113
332 112
331 111
330 111
329 110
328 109
327 108
326 107
325 107
324 106
323 105
322 104
321 104
320 103
319 102
318 101
317 101
316 100
315 99
314 98
313 98
312 97
311 96
310 96
309 95
308 94
307 94
306 93
305 92
304 92
303 91
302 90
301 90
300 89
299 89
298 88
297 87
296 87
295 86
294 85
293 85
292 84
291 84
290 83
289 82
288 82
287 81
286 80
285 80
284 79
283 79
282 78
281 78
280 77
279 77
278 76
277 76
276 75
275 74
274 74
273 73
272 73
271 72
270 72
269 71
268 71
267 70
266 69
265 69
264 68
263 68
262 67
261 67
260 66
259 66
258 65
257 65
256 64
255 64
254 63
253 63
252 62
251 62
250 61
249 61
248 60
247 60
246 59
245 59
244 58
243 58
242 58
241 57
240 57
239 56
238 56
237 55
236 55
235 55
234 54
233 54
232 54
231 53
230 53
229 52
228 52
227 52
226 51
225 51
224 51
223 50
222 50
221 49
220 49
219 49
218 48
217 48
216 48
215 47
214 47
213 47
212 46
211 46
210 46
209 45
208 45
207 45
206 44
205 44
204 44
203 44
202 43
201 43
200 43
199 42
198 42
197 42
196 42
195 41
194 41
193 41
192 41
191 40
190 40
189 40
188 40
187 39
186 39
185 39
184 39
183 38
182 38
181 38
180 38
179 38
178 38
177 37
176 37
175 37
174 37
173 37
172 36
171 36
170 36
169 36
168 35
167 35
166 35
165 35
164 35
163 35
162 34
161 34
160 34
159 34
158 34
157 33
156 33
155 33
154 33
153 33
152 33
151 33
150 32
149 32
148 32
147 32
146 32
145 32
144 32
143 32
142 31
141 31
140 31
139 31
138 31
137 31
136 31
135 31
134 30
133 30
132 30
131 30
130 30
129 30
128 30
127 30
126 30
125 30
124 30
123 30
122 30
121 30
120 29
119 29
118 29
117 29
116 29
115 29
114 29
113 29
112 29
111 29
110 29
109 29
108 29
107 29
106 29
105 28
104 28
103 28
102 28
101 28
100 28
99 28
98 28
97 28
96 28
95 28
94 28
93 28
92 28
91 28
90 27
89 27
88 27
87 27
86 27
85 27
84 27
83 27
82 27
81 27
80 27
79 27
78 27
77 27
76 27
75 27
74 27
73 27
72 27
71 27
70 27
69 27
68 27
67 26
66 26
65 26
64 26
63 26
62 26
61 26
60 26
59 26
58 26
57 26
56 26
55 26
54 26
53 26
52 26
51 26
50 26
49 26
48 25
47 25
46 25
45 25
44 25
43 25
42 25
41 25
40 25
39 25
38 25
37 25
36 25
35 25
34 24
33 24
32 24
31 24
30 24
29 24
28 24
27 24
26 24
25 23
24 23
23 23
22 23
21 23
20 23
19 23
18 22
17 22
16 22
