14 8
13 9
12 10
11 11
11 12
10 13
9 14
9 15
8 16
7 17
7 18
6 19
5 20
5 21
4 22
4 23
3 24
3 25
3 26
3 27
3 28
3 29
3 30
3 31
3 32
3 33
3 34
3 35
3 36
3 37
3 38
3 39
3 40
3 41
3 42
3 43
3 44
3 45
3 46
3 47
3 48
3 49
3 50
3 51
3 52
3 53
3 54
3 55
3 56
3 57
3 58
3 59
3 60
3 61
3 62
3 63
3 64
3 65
3 66
3 67
3 68
3 69
3 70
3 71
3 72
3 73
3 74
3 75
3 76
3 77
3 78
3 79
3 80
3 81
3 82
3 83
3 84
3 85
3 86
3 87
3 88
3 89
3 90
3 91
3 92
3 93
3 94
3 95
3 96
3 97
3 98
3 99
3 100
3 101
3 102
3 103
3 104
3 105
3 106
3 107
3 108
3 109
3 110
3 111
3 112
3 113
3 114
3 115
3 116
3 117
3 118
3 119
3 120
3 121
3 122
3 123
3 124
3 125
3 126
3 127
3 128
3 129
3 130
4 130
5 131
5 132
6 133
7 134
8 135
9 136
10 137
11 138
12 139
12 140
13 140
14 141
15 142
16 141
17 141
18 140
19 140
20 139
21 139
21 138
22 137
23 137
24 136
25 137
26 136
27 136
28 135
29 135
30 134
31 133
32 133
33 132
34 131
35 130
36 129
37 128
38 128
39 127
40 126
41 125
42 124
42 123
43 122
44 121
44 120
45 119
46 119
46 118
47 117
48 116
48 115
49 114
49 113
50 112
50 111
51 110
52 109
53 108
54 107
54 106
54 105
53 104
54 103
54 102
54 101
55 100
56 100
56 99
55 98
56 97
56 96
56 95
57 94
58 95
58 94
59 93
59 92
59 91
59 90
59 89
60 88
60 87
60 86
60 85
60 84
60 83
60 82
60 81
60 80
60 79
61 78
61 77
61 76
61 75
60 74
60 73
60 72
60 71
60 70
60 69
60 68
60 67
60 66
59 65
59 64
59 63
59 62
59 61
58 60
58 59
58 58
58 57
57 56
57 55
57 54
56 53
56 52
56 51
55 50
55 49
54 48
54 47
53 46
53 45
53 44
52 43
52 42
51 41
50 40
50 39
49 38
49 37
48 36
47 35
47 34
46 33
45 32
45 31
44 30
43 29
42 28
41 27
41 26
40 25
39 24
38 23
37 22
36 21
35 21
34 20
33 19
32 18
31 17
30 17
29 16
28 15
27 14
26 14
25 13
24 13
23 12
22 12
21 11
20 10
19 10
18 9
17 9
16 9
15 8
14 8
